// start
1 (matrix3 [1,0,0] [0,1,0] [0,0,1] [0,0,0])
2 (matrix3 [1,0,0] [0,1,0] [0,0,1] [0,0,0])
3 (matrix3 [1,0,0] [0,1,0] [0,0,1] [0,0,0])
4 (matrix3 [1,0,0] [0,1,0] [0,0,1] [0,0,0])
6 (matrix3 [1,0,0] [0,1,0] [0,0,1] [0,0,0])
7 (matrix3 [1,0,0] [0,1,0] [0,0,1] [0,0,0])
8 (matrix3 [1,0,0] [0,1,0] [0,0,1] [0,0,0])
9 (matrix3 [1,0,0] [0,1,0] [0,0,1] [0,0,0])
A (matrix3 [1,0,0] [0,1,0] [0,0,1] [0,0,0])
C (matrix3 [1,0,0] [0,1,0] [0,0,1] [0,0,0])
D (matrix3 [1,0,0] [0,1,0] [0,0,1] [0,0,0])
E (matrix3 [1,0,0] [0,1,0] [0,0,1] [0,0,0])
F (matrix3 [1,0,0] [0,1,0] [0,0,1] [0,0,0])
// final cover
1 (matrix3 [1,0,0] [0,1,0] [0,0,1] [0,0,0])
2 (matrix3 [1,0,0] [0,1,0] [0,0,1] [0,0,0])
3 (matrix3 [1,0,0] [0,1,0] [0,0,1] [0,0,0])
4 (matrix3 [1,0,0] [0,1,0] [0,0,1] [0,0,0])
6 (matrix3 [1,0,0] [0,1,0] [0,0,1] [0,0,0])
7 (matrix3 [1,0,0] [0,1,0] [0,0,1] [0,0,0])
8 (matrix3 [1,0,0] [0,1,0] [0,0,1] [0,0,0])
9 (matrix3 [1,0,0] [0,1,0] [0,0,1] [0,0,0])
A (matrix3 [1,0,0] [0,1,0] [0,0,1] [0,0,0])
C (matrix3 [1,0,0] [0,1,0] [0,0,1] [0,0,0])
D (matrix3 [1,0,0] [0,1,0] [0,0,1] [0,0,0])
E (matrix3 [1,0,0] [0,1,0] [0,0,1] [0,0,0])
F (matrix3 [1,0,0] [0,1,0] [0,0,1] [0,0,0])
// final cross
2 (matrix3 [1,0,0] [0,1,0] [0,0,1] [0,0,0])
4 (matrix3 [1,0,0] [0,1,0] [0,0,1] [0,0,0])
6 (matrix3 [1,0,0] [0,1,0] [0,0,1] [0,0,0])
8 (matrix3 [1,0,0] [0,1,0] [0,0,1] [0,0,0])
A (matrix3 [1,0,0] [0,1,0] [0,0,1] [0,0,0])
C (matrix3 [1,0,0] [0,1,0] [0,0,1] [0,0,0])
E (matrix3 [1,0,0] [0,1,0] [0,0,1] [0,0,0])